VsDebugConsole: 20.5295522
Discord: 10.1743767
